equations = {
{1,13,150,-32,0,0,0,0,1,13,150,-32,0.04,0.084456547727063,0.97449862761996,-0.20789304055893,},
{1,0,0,30,0,0,0,1,0,0,0,30,0.04,0,0,1,},
{1,3,3,-20,0,0,30,1,0,3,3,10,0.04,0.14673479641336,0.14673479641336,-0.97823197608904,},
{1,0,0,-17,3,3,10,1,0,3,3,-7,0.04,0,0,-1,},
{1,0,0,9.9999999996214e-06,3,3,-7,1,0,3,3,-6.99999,0.04,0,0,1,},
{1,94,0,-9.9999999996214e-06,3,3,-6.99999,1,0,97,3,-7,0.04,0.99999999999999,0,-1.0638297871938e-07,},
{1,0,94,0,97,3,-7,1,0,97,97,-7,0.04,0,1,0,},
{1,-94,0,0,97,97,-7,1,0,3,97,-7,0.04,-1,0,0,},
{1,0,-94,0,3,97,-7,1,0,3,3,-7,0.04,0,-1,0,},
{1,6,6,0,3,3,-7,1,0,9,9,-7,0.04,0.70710678118655,0.70710678118655,0,},
{1,82.25,0,0,9,9,-7,1,0,91.25,9,-7,0.04,1,0,0,},
{1,0,82.25,0,91.25,9,-7,1,0,91.25,91.25,-7,0.04,0,1,0,},
{1,-82.25,0,0,91.25,91.25,-7,1,0,9,91.25,-7,0.04,-1,0,0,},
{1,0,-82.25,0,9,91.25,-7,1,0,9,9,-7,0.04,0,-1,0,},
{1,6,6,0,9,9,-7,1,0,15,15,-7,0.04,0.70710678118655,0.70710678118655,0,},
{1,70.5,0,0,15,15,-7,1,0,85.5,15,-7,0.04,1,0,0,},
{1,0,70.5,0,85.5,15,-7,1,0,85.5,85.5,-7,0.04,0,1,0,},
{1,-70.5,0,0,85.5,85.5,-7,1,0,15,85.5,-7,0.04,-1,0,0,},
{1,0,-70.5,0,15,85.5,-7,1,0,15,15,-7,0.04,0,-1,0,},
{1,6,6,0,15,15,-7,1,0,21,21,-7,0.04,0.70710678118655,0.70710678118655,0,},
{1,58.75,0,0,21,21,-7,1,0,79.75,21,-7,0.04,1,0,0,},
{1,0,58.75,0,79.75,21,-7,1,0,79.75,79.75,-7,0.04,0,1,0,},
{1,-58.75,0,0,79.75,79.75,-7,1,0,21,79.75,-7,0.04,-1,0,0,},
{1,0,-58.75,0,21,79.75,-7,1,0,21,21,-7,0.04,0,-1,0,},
{1,6,6,0,21,21,-7,1,0,27,27,-7,0.04,0.70710678118655,0.70710678118655,0,},
{1,47,0,0,27,27,-7,1,0,74,27,-7,0.04,1,0,0,},
{1,0,47,0,74,27,-7,1,0,74,74,-7,0.04,0,1,0,},
{1,-47,0,0,74,74,-7,1,0,27,74,-7,0.04,-1,0,0,},
{1,0,-47,0,27,74,-7,1,0,27,27,-7,0.04,0,-1,0,},
{1,6,6,0,27,27,-7,1,0,33,33,-7,0.04,0.70710678118655,0.70710678118655,0,},
{1,35.25,0,0,33,33,-7,1,0,68.25,33,-7,0.04,1,0,0,},
{1,0,35.25,0,68.25,33,-7,1,0,68.25,68.25,-7,0.04,0,1,0,},
{1,-35.25,0,0,68.25,68.25,-7,1,0,33,68.25,-7,0.04,-1,0,0,},
{1,0,-35.25,0,33,68.25,-7,1,0,33,33,-7,0.04,0,-1,0,},
{1,6,6,0,33,33,-7,1,0,39,39,-7,0.04,0.70710678118655,0.70710678118655,0,},
{1,23.5,0,0,39,39,-7,1,0,62.5,39,-7,0.04,1,0,0,},
{1,0,23.5,0,62.5,39,-7,1,0,62.5,62.5,-7,0.04,0,1,0,},
{1,-23.5,0,0,62.5,62.5,-7,1,0,39,62.5,-7,0.04,-1,0,0,},
{1,0,-23.5,0,39,62.5,-7,1,0,39,39,-7,0.04,0,-1,0,},
{1,6,6,0,39,39,-7,1,0,45,45,-7,0.04,0.70710678118655,0.70710678118655,0,},
{1,11.75,0,0,45,45,-7,1,0,56.75,45,-7,0.04,1,0,0,},
{1,0,11.75,0,56.75,45,-7,1,0,56.75,56.75,-7,0.04,0,1,0,},
{1,-11.75,0,0,56.75,56.75,-7,1,0,45,56.75,-7,0.04,-1,0,0,},
{1,0,-11.75,0,45,56.75,-7,1,0,45,45,-7,0.04,0,-1,0,},
{1,6,6,0,45,45,-7,1,0,51,51,-7,0.04,0.70710678118655,0.70710678118655,0,},
{1,0,0,17,51,51,-7,1,0,51,51,10,0.04,0,0,1,},
{1,0,0,20,51,51,10,1,0,51,51,30,0.04,0,0,1,},
{1,-26,-31,-20,51,51,30,1,0,25,20,10,0.04,-0.57607341483813,-0.68685676384546,-0.44313339602933,},
{1,0,0,-30,25,20,10,1,0,25,20,-20,0.04,0,0,-1,},
{1,30,0,0,25,20,-20,1,0,55,20,-20,0.04,1,0,0,},
{1,-30,0,-7,55,20,-20,1,0,25,20,-27,0.04,-0.97384120974179,0,-0.22722961560642,},
{1,30,0,0,25,20,-27,1,0,55,20,-27,0.04,1,0,0,},
{1,0,0,37,55,20,-27,1,0,55,20,10,0.04,0,0,1,},
{1,0,0,20,55,20,10,1,0,55,20,30,0.04,0,0,1,},
{1,-25,40,-20,55,20,30,1,0,30,60,10,0.04,-0.48795003647427,0.78072005835883,-0.39036002917941,},
{1,0,0,-30,30,60,10,1,0,30,60,-20,0.04,0,0,-1,},
{1,0,-2,0,30,60,-20,1,0,30,58,-20,0.04,0,-1,0,},
{2,30,50,-20,0,1,0,-1,0,0,6.2831853071796,8,0,1,30,58,-20,0.04,0,6.2831853071796,0,-6.2831853071796,0,0,},
{1,-3.5527136788005e-15,4,0,30,58,-20,1,0,30,62,-20,0.04,-8.8817841970013e-16,1,0,},
{2,30,50,-20,0,1,0,-1,0,0,-6.2831853071796,12,0,1,30,62,-20,0.04,-0,-6.2831853071796,-0,6.2831853071796,-0,-0,},
{1,3.5527136788005e-15,-4,-12,30,62,-20,1,0,30,58,-32,0.04,2.8086667748614e-16,-0.31622776601684,-0.94868329805051,},
{2,30,50,-32,0,1,0,-1,0,0,6.2831853071796,8,0,1,30,58,-32,0.04,0,6.2831853071796,0,-6.2831853071796,0,0,},
{1,-3.5527136788005e-15,4,0,30,58,-32,1,0,30,62,-32,0.04,-8.8817841970013e-16,1,0,},
{2,30,50,-32,0,1,0,-1,0,0,-6.2831853071796,12,0,1,30,62,-32,0.04,-0,-6.2831853071796,-0,6.2831853071796,-0,-0,},
{1,0,0,42,30,62,-32,1,0,30,62,10,0.04,0,0,1,},
{1,0,0,20,30,62,10,1,0,30,62,30,0.04,0,0,1,},
{1,20,28,-20,30,62,30,1,0,50,90,10,0.04,0.50251890762961,0.70352647068145,-0.50251890762961,},
{1,0,0,-30,50,90,10,1,0,50,90,-20,0.04,0,0,-1,},
{2,50,80,-20,0,1,0,-1,0,0,3.9269908169872,10,0,1,57.071067811865,72.928932188135,-20,0.04,0,3.9269908169872,0,-3.9269908169872,0,0,},
{2,50,80,-20,0.70710678118655,-0.70710678118655,0,0.70710678118655,0.70710678118655,-0,-3.9269908169872,10,0,1,50,90,-20,0.04,-2.776801836349,2.776801836349,-0,-2.776801836349,-2.776801836349,0,},
{1,0,0,-2,50,90,-20,1,0,50,90,-22,0.04,0,0,-1,},
{2,50,80,-22,0,1,0,-1,0,0,3.9269908169872,10,0,1,57.071067811865,72.928932188135,-22,0.04,0,3.9269908169872,0,-3.9269908169872,0,0,},
{2,50,80,-22,0.70710678118655,-0.70710678118655,0,0.70710678118655,0.70710678118655,-0,-3.9269908169872,10,0,1,50,90,-22,0.04,-2.776801836349,2.776801836349,-0,-2.776801836349,-2.776801836349,0,},
{1,0,0,32,50,90,-22,1,0,50,90,10,0.04,0,0,1,},
{1,0,0,20,50,90,10,1,0,50,90,30,0.04,0,0,1,},
{1,-53,-20,-20,50,90,30,1,0,-3,70,10,0.04,-0.88223123267543,-0.33291744629261,-0.33291744629261,},
{1,0,0,-30,-3,70,10,1,0,-3,70,-20,0.01,0,0,-1,},
{1,31.819805153395,31.819805153395,0,-3,70,-20,1,0,28.819805153395,101.81980515339,-20,0.01,0.70710678118655,0.70710678118655,0,},
{1,-31.819805153395,-31.819805153395,-5,28.819805153395,101.81980515339,-20,1,0,-3,70,-25,0.01,-0.70278192849873,-0.70278192849873,-0.11043152607485,},
{1,31.819805153395,31.819805153395,0,-3,70,-25,1,0,28.819805153395,101.81980515339,-25,0.01,0.70710678118655,0.70710678118655,0,},
{1,0,0,35,28.819805153395,101.81980515339,-25,1,0,28.819805153395,101.81980515339,10,0.01,0,0,1,},
{1,0,0,20,28.819805153395,101.81980515339,10,1,0,28.819805153395,101.81980515339,30,0.04,0,0,1,},
{1,54.180194846605,-98.819805153395,-20,28.819805153395,101.81980515339,30,1,0,83,3,10,0.04,0.47335925035354,-0.86336472247708,-0.17473515984714,},
{1,0,0,-17,83,3,10,1,0,83,3,-7,0.01,0,0,-1,},
{1,0,0,12,83,3,-7,1,0,83,3,5,0.01,0,0,1,},
{1,14,0,-14,83,3,5,1,0,97,3,-9,0.01,0.70710678118655,0,-0.70710678118655,},
{1,0,94,0,97,3,-9,1,0,97,97,-9,0.01,0,1,0,},
{1,-14,0,14,97,97,-9,1,0,83,97,5,0.01,-0.70710678118655,0,0.70710678118655,},
{1,0,-94,0,83,97,5,1,0,83,3,5,0.01,0,-1,0,},
{1,0.8936170212766,6,-0.89361702127659,83,3,5,1,0,83.893617021277,9,4.1063829787234,0.01,0.14573848237479,0.97852981023073,-0.14573848237479,},
{1,12.25,0,-12.25,83.893617021277,9,4.1063829787234,1,0,96.143617021277,9,-8.1436170212766,0.01,0.70710678118655,0,-0.70710678118655,},
{1,0,82.25,0,96.143617021277,9,-8.1436170212766,1,0,96.143617021277,91.25,-8.1436170212766,0.01,0,1,0,},
{1,-12.25,0,12.25,96.143617021277,91.25,-8.1436170212766,1,0,83.893617021277,91.25,4.1063829787234,0.01,-0.70710678118655,0,0.70710678118655,},
{1,0,-82.25,0,83.893617021277,91.25,4.1063829787234,1,0,83.893617021277,9,4.1063829787234,0.01,0,-1,0,},
{1,0.8936170212766,6,-0.8936170212766,83.893617021277,9,4.1063829787234,1,0,84.787234042553,15,3.2127659574468,0.01,0.14573848237479,0.97852981023073,-0.14573848237479,},
{1,10.5,0,-10.5,84.787234042553,15,3.2127659574468,1,0,95.287234042553,15,-7.2872340425532,0.01,0.70710678118655,0,-0.70710678118655,},
{1,0,70.5,0,95.287234042553,15,-7.2872340425532,1,0,95.287234042553,85.5,-7.2872340425532,0.01,0,1,0,},
{1,-10.5,0,10.5,95.287234042553,85.5,-7.2872340425532,1,0,84.787234042553,85.5,3.2127659574468,0.01,-0.70710678118655,0,0.70710678118655,},
{1,0,-70.5,0,84.787234042553,85.5,3.2127659574468,1,0,84.787234042553,15,3.2127659574468,0.01,0,-1,0,},
{1,0.8936170212766,6,-0.8936170212766,84.787234042553,15,3.2127659574468,1,0,85.68085106383,21,2.3191489361702,0.01,0.14573848237479,0.97852981023073,-0.14573848237479,},
{1,8.75,0,-8.75,85.68085106383,21,2.3191489361702,1,0,94.43085106383,21,-6.4308510638298,0.01,0.70710678118655,0,-0.70710678118655,},
{1,0,58.75,0,94.43085106383,21,-6.4308510638298,1,0,94.43085106383,79.75,-6.4308510638298,0.01,0,1,0,},
{1,-8.75,0,8.75,94.43085106383,79.75,-6.4308510638298,1,0,85.68085106383,79.75,2.3191489361702,0.01,-0.70710678118655,0,0.70710678118655,},
{1,0,-58.75,0,85.68085106383,79.75,2.3191489361702,1,0,85.68085106383,21,2.3191489361702,0.01,0,-1,0,},
{1,0.8936170212766,6,-0.89361702127659,85.68085106383,21,2.3191489361702,1,0,86.574468085106,27,1.4255319148936,0.01,0.14573848237479,0.97852981023073,-0.14573848237479,},
{1,7,0,-7,86.574468085106,27,1.4255319148936,1,0,93.574468085106,27,-5.5744680851064,0.01,0.70710678118655,0,-0.70710678118655,},
{1,0,47,0,93.574468085106,27,-5.5744680851064,1,0,93.574468085106,74,-5.5744680851064,0.01,0,1,0,},
{1,-7,0,7,93.574468085106,74,-5.5744680851064,1,0,86.574468085106,74,1.4255319148936,0.01,-0.70710678118655,0,0.70710678118655,},
{1,0,-47,0,86.574468085106,74,1.4255319148936,1,0,86.574468085106,27,1.4255319148936,0.01,0,-1,0,},
{1,0.8936170212766,6,-0.8936170212766,86.574468085106,27,1.4255319148936,1,0,87.468085106383,33,0.53191489361701,0.01,0.14573848237479,0.97852981023073,-0.14573848237479,},
{1,5.25,0,-5.25,87.468085106383,33,0.53191489361701,1,0,92.718085106383,33,-4.718085106383,0.01,0.70710678118655,0,-0.70710678118655,},
{1,0,35.25,0,92.718085106383,33,-4.718085106383,1,0,92.718085106383,68.25,-4.718085106383,0.01,0,1,0,},
{1,-5.25,0,5.25,92.718085106383,68.25,-4.718085106383,1,0,87.468085106383,68.25,0.53191489361701,0.01,-0.70710678118655,0,0.70710678118655,},
{1,0,-35.25,0,87.468085106383,68.25,0.53191489361701,1,0,87.468085106383,33,0.53191489361701,0.01,0,-1,0,},
{1,0.8936170212766,6,-0.8936170212766,87.468085106383,33,0.53191489361701,1,0,88.36170212766,39,-0.36170212765959,0.01,0.14573848237479,0.97852981023073,-0.14573848237479,},
{1,3.5,0,-3.5,88.36170212766,39,-0.36170212765959,1,0,91.86170212766,39,-3.8617021276596,0.01,0.70710678118655,0,-0.70710678118655,},
{1,0,23.5,0,91.86170212766,39,-3.8617021276596,1,0,91.86170212766,62.5,-3.8617021276596,0.01,0,1,0,},
{1,-3.5,0,3.5,91.86170212766,62.5,-3.8617021276596,1,0,88.36170212766,62.5,-0.36170212765959,0.01,-0.70710678118655,0,0.70710678118655,},
{1,0,-23.5,0,88.36170212766,62.5,-0.36170212765959,1,0,88.36170212766,39,-0.36170212765959,0.01,0,-1,0,},
{1,0.8936170212766,6,-0.89361702127659,88.36170212766,39,-0.36170212765959,1,0,89.255319148936,45,-1.2553191489362,0.01,0.14573848237479,0.97852981023073,-0.14573848237479,},
{1,1.75,0,-1.75,89.255319148936,45,-1.2553191489362,1,0,91.005319148936,45,-3.0053191489362,0.01,0.70710678118655,0,-0.70710678118655,},
{1,0,11.75,0,91.005319148936,45,-3.0053191489362,1,0,91.005319148936,56.75,-3.0053191489362,0.01,0,1,0,},
{1,-1.75,0,1.75,91.005319148936,56.75,-3.0053191489362,1,0,89.255319148936,56.75,-1.2553191489362,0.01,-0.70710678118655,0,0.70710678118655,},
{1,0,-11.75,0,89.255319148936,56.75,-1.2553191489362,1,0,89.255319148936,45,-1.2553191489362,0.01,0,-1,0,},
{1,0.8936170212766,6,-0.8936170212766,89.255319148936,45,-1.2553191489362,1,0,90.148936170213,51,-2.1489361702128,0.01,0.14573848237479,0.97852981023073,-0.14573848237479,},
{1,-7.1489361702128,-48,-4.8510638297872,90.148936170213,51,-2.1489361702128,1,0,83,3,-7,0.01,-0.14658078750556,-0.98418528753736,-0.099465534378775,},
{1,14,0,-14,83,3,-7,1,0,97,3,-21,0.01,0.70710678118655,0,-0.70710678118655,},
{1,0,94,0,97,3,-21,1,0,97,97,-21,0.01,0,1,0,},
{1,-14,0,14,97,97,-21,1,0,83,97,-7,0.01,-0.70710678118655,0,0.70710678118655,},
{1,0,-94,0,83,97,-7,1,0,83,3,-7,0.01,0,-1,0,},
{1,0.8936170212766,6,-0.89361702127659,83,3,-7,1,0,83.893617021277,9,-7.8936170212766,0.01,0.14573848237479,0.97852981023073,-0.14573848237479,},
{1,12.25,0,-12.25,83.893617021277,9,-7.8936170212766,1,0,96.143617021277,9,-20.143617021277,0.01,0.70710678118655,0,-0.70710678118655,},
{1,0,82.25,0,96.143617021277,9,-20.143617021277,1,0,96.143617021277,91.25,-20.143617021277,0.01,0,1,0,},
{1,-12.25,0,12.25,96.143617021277,91.25,-20.143617021277,1,0,83.893617021277,91.25,-7.8936170212766,0.01,-0.70710678118655,0,0.70710678118655,},
{1,0,-82.25,0,83.893617021277,91.25,-7.8936170212766,1,0,83.893617021277,9,-7.8936170212766,0.01,0,-1,0,},
{1,0.8936170212766,6,-0.8936170212766,83.893617021277,9,-7.8936170212766,1,0,84.787234042553,15,-8.7872340425532,0.01,0.14573848237479,0.97852981023073,-0.14573848237479,},
{1,10.5,0,-10.5,84.787234042553,15,-8.7872340425532,1,0,95.287234042553,15,-19.287234042553,0.01,0.70710678118655,0,-0.70710678118655,},
{1,0,70.5,0,95.287234042553,15,-19.287234042553,1,0,95.287234042553,85.5,-19.287234042553,0.01,0,1,0,},
{1,-10.5,0,10.5,95.287234042553,85.5,-19.287234042553,1,0,84.787234042553,85.5,-8.7872340425532,0.01,-0.70710678118655,0,0.70710678118655,},
{1,0,-70.5,0,84.787234042553,85.5,-8.7872340425532,1,0,84.787234042553,15,-8.7872340425532,0.01,0,-1,0,},
{1,0.8936170212766,6,-0.8936170212766,84.787234042553,15,-8.7872340425532,1,0,85.68085106383,21,-9.6808510638298,0.01,0.14573848237479,0.97852981023073,-0.14573848237479,},
{1,8.75,0,-8.75,85.68085106383,21,-9.6808510638298,1,0,94.43085106383,21,-18.43085106383,0.01,0.70710678118655,0,-0.70710678118655,},
{1,0,58.75,0,94.43085106383,21,-18.43085106383,1,0,94.43085106383,79.75,-18.43085106383,0.01,0,1,0,},
{1,-8.75,0,8.75,94.43085106383,79.75,-18.43085106383,1,0,85.68085106383,79.75,-9.6808510638298,0.01,-0.70710678118655,0,0.70710678118655,},
{1,0,-58.75,0,85.68085106383,79.75,-9.6808510638298,1,0,85.68085106383,21,-9.6808510638298,0.01,0,-1,0,},
{1,0.8936170212766,6,-0.89361702127659,85.68085106383,21,-9.6808510638298,1,0,86.574468085106,27,-10.574468085106,0.01,0.14573848237479,0.97852981023073,-0.14573848237479,},
{1,7,0,-7,86.574468085106,27,-10.574468085106,1,0,93.574468085106,27,-17.574468085106,0.01,0.70710678118655,0,-0.70710678118655,},
{1,0,47,0,93.574468085106,27,-17.574468085106,1,0,93.574468085106,74,-17.574468085106,0.01,0,1,0,},
{1,-7,0,7,93.574468085106,74,-17.574468085106,1,0,86.574468085106,74,-10.574468085106,0.01,-0.70710678118655,0,0.70710678118655,},
{1,0,-47,0,86.574468085106,74,-10.574468085106,1,0,86.574468085106,27,-10.574468085106,0.01,0,-1,0,},
{1,0.8936170212766,6,-0.8936170212766,86.574468085106,27,-10.574468085106,1,0,87.468085106383,33,-11.468085106383,0.01,0.14573848237479,0.97852981023073,-0.14573848237479,},
{1,5.25,0,-5.25,87.468085106383,33,-11.468085106383,1,0,92.718085106383,33,-16.718085106383,0.01,0.70710678118655,0,-0.70710678118655,},
{1,0,35.25,0,92.718085106383,33,-16.718085106383,1,0,92.718085106383,68.25,-16.718085106383,0.01,0,1,0,},
{1,-5.25,0,5.25,92.718085106383,68.25,-16.718085106383,1,0,87.468085106383,68.25,-11.468085106383,0.01,-0.70710678118655,0,0.70710678118655,},
{1,0,-35.25,0,87.468085106383,68.25,-11.468085106383,1,0,87.468085106383,33,-11.468085106383,0.01,0,-1,0,},
{1,0.8936170212766,6,-0.8936170212766,87.468085106383,33,-11.468085106383,1,0,88.36170212766,39,-12.36170212766,0.01,0.14573848237479,0.97852981023073,-0.14573848237479,},
{1,3.5,0,-3.5,88.36170212766,39,-12.36170212766,1,0,91.86170212766,39,-15.86170212766,0.01,0.70710678118655,0,-0.70710678118655,},
{1,0,23.5,0,91.86170212766,39,-15.86170212766,1,0,91.86170212766,62.5,-15.86170212766,0.01,0,1,0,},
{1,-3.5,0,3.5,91.86170212766,62.5,-15.86170212766,1,0,88.36170212766,62.5,-12.36170212766,0.01,-0.70710678118655,0,0.70710678118655,},
{1,0,-23.5,0,88.36170212766,62.5,-12.36170212766,1,0,88.36170212766,39,-12.36170212766,0.01,0,-1,0,},
{1,0.8936170212766,6,-0.89361702127659,88.36170212766,39,-12.36170212766,1,0,89.255319148936,45,-13.255319148936,0.01,0.14573848237479,0.97852981023073,-0.14573848237479,},
{1,1.75,0,-1.75,89.255319148936,45,-13.255319148936,1,0,91.005319148936,45,-15.005319148936,0.01,0.70710678118655,0,-0.70710678118655,},
{1,0,11.75,0,91.005319148936,45,-15.005319148936,1,0,91.005319148936,56.75,-15.005319148936,0.01,0,1,0,},
{1,-1.75,0,1.75,91.005319148936,56.75,-15.005319148936,1,0,89.255319148936,56.75,-13.255319148936,0.01,-0.70710678118655,0,0.70710678118655,},
{1,0,-11.75,0,89.255319148936,56.75,-13.255319148936,1,0,89.255319148936,45,-13.255319148936,0.01,0,-1,0,},
{1,0.8936170212766,6,-0.8936170212766,89.255319148936,45,-13.255319148936,1,0,90.148936170213,51,-14.148936170213,0.01,0.14573848237479,0.97852981023073,-0.14573848237479,},
{1,0,0,24.148936170213,90.148936170213,51,-14.148936170213,1,0,90.148936170213,51,10,0.01,0,0,1,},
{1,0,0,20,90.148936170213,51,10,1,0,90.148936170213,51,30,0.04,0,0,1,},
{1,-50.148936170213,-1,-20,90.148936170213,51,30,1,0,40,50,10,0.04,-0.92869741155598,-0.01851878589017,-0.3703757178034,},
{1,0,0,-30,40,50,10,1,0,40,50,-20,0.04,0,0,-1,},
{1,0,-6,0,40,50,-20,1,0,40,44,-20,0.04,0,-1,0,},
{1,65,0,0,40,44,-20,1,0,105,44,-20,0.04,1,0,0,},
{1,0,6,0,105,44,-20,1,0,105,50,-20,0.04,0,1,0,},
{1,-65,0,0,105,50,-20,1,0,40,50,-20,0.04,-1,0,0,},
{1,0,6,0,40,50,-20,1,0,40,56,-20,0.04,0,1,0,},
{1,65,0,0,40,56,-20,1,0,105,56,-20,0.04,1,0,0,},
{1,-65,-12,-9,105,56,-20,1,0,40,44,-29,0.04,-0.97439119569462,-0.17988760535901,-0.13491570401926,},
{1,65,0,0,40,44,-29,1,0,105,44,-29,0.04,1,0,0,},
{1,0,6,0,105,44,-29,1,0,105,50,-29,0.04,0,1,0,},
{1,-65,0,0,105,50,-29,1,0,40,50,-29,0.04,-1,0,0,},
{1,0,6,0,40,50,-29,1,0,40,56,-29,0.04,0,1,0,},
{1,65,0,0,40,56,-29,1,0,105,56,-29,0.04,1,0,0,},
{1,0,0,39,105,56,-29,1,0,105,56,10,0.04,0,0,1,},
{1,0,0,20,105,56,10,0,1,105,56,30,0.04,0,0,1,},
{1,-97.5,-36,0,105,56,30,0,1,7.5,20,30,0.04,-0.93809647413939,-0.34637408275916,0,},
{1,0,0,-37,7.5,20,30,0,1,7.5,20,-7,0.04,0,0,-1,},
{1,0,0,-10,7.5,20,-7,0,1,7.5,20,-17,0.04,0,0,-1,},
{1,0,0,32,7.5,20,-17,0,1,7.5,20,15,0.04,0,0,1,},
{1,0,0,15,7.5,20,15,0,1,7.5,20,30,0.04,0,0,1,},
{1,62.5,0,0,7.5,20,30,0,1,70,20,30,0.04,1,0,0,},
{1,0,0,-37,70,20,30,0,1,70,20,-7,0.04,0,0,-1,},
{1,0,0,-13,70,20,-7,0,1,70,20,-20,0.04,0,0,-1,},
{1,0,0,35,70,20,-20,0,1,70,20,15,0.04,0,0,1,},
{1,0,0,15,70,20,15,0,1,70,20,30,0.04,0,0,1,},
{1,0,60,0,70,20,30,0,1,70,80,30,0.04,0,1,0,},
{1,0,0,-37,70,80,30,0,1,70,80,-7,0.04,0,0,-1,},
{1,0,0,-16,70,80,-7,0,1,70,80,-23,0.04,0,0,-1,},
{1,0,0,38,70,80,-23,0,1,70,80,15,0.04,0,0,1,},
}
